%YAML:1.0
---
camera_matrix: !!opencv-matrix
   rows: 3
   cols: 3
   dt: d
   data: [ 1.3546488037109375e+03, 0., 9.7905566406250000e+02, 0.,
       1.3560323486328125e+03, 5.4405718994140625e+02, 0., 0., 1. ]
dist_coeffs: !!opencv-matrix
   rows: 4
   cols: 1
   dt: d
   data: [ 0., 0., 0., 0. ]
resolution: !!opencv-matrix
   rows: 2
   cols: 1
   dt: i
   data: [ 960, 640 ]
project_matrix: !!opencv-matrix
   rows: 3
   cols: 3
   dt: d
   data: [ 5.5609442783683081e+00, 2.8469779682826704e+00,
       -1.5958502192082587e+03, -6.6439655760753974e-03,
       1.2543339516725137e+01, -3.0714487753673616e+03,
       -1.6609913940187577e-04, 1.7818395202599757e-02, 1. ]
scale_xy: !!opencv-matrix
   rows: 2
   cols: 1
   dt: f
   data: [ 1., 1. ]
shift_xy: !!opencv-matrix
   rows: 2
   cols: 1
   dt: f
   data: [ 0., 0. ]
